"Disp"	"F1"	"F2"	"F3"	"F4"	"F5"	"F6"	"F7"	"F8"	"F9"	"F10"	"F11"	"F12"	"F13"	"F14"	"F15"
0.0	0.003114	0.031138	0.014937	0.044189	0.016804	0.049088	0.02734	0.033554	0.039768	0.038525	0.084507	0.057166	0.041011	0.076429	0.044739
0.5	0.009341	0.044839	0.018049	0.06535	0.030497	0.058409	0.03169	0.041011	0.054059	0.051574	0.115575	0.071458	0.047224	0.089478	0.056545
1.0	0.012455	0.056049	0.023028	0.085266	0.043566	0.065866	0.042253	0.04536	0.064001	0.06773	0.150994	0.07705	0.053438	0.096934	0.067108
1.5	0.012455	0.06975	0.028007	0.107049	0.055392	0.072701	0.052817	0.047846	0.072079	0.078914	0.183926	0.083885	0.055924	0.108119	0.075186
2.0	0.019929	0.079714	0.02614	0.129455	0.068462	0.082643	0.053438	0.050331	0.078293	0.093206	0.212509	0.091342	0.060273	0.114333	0.083885
2.5	0.01806	0.092792	0.024273	0.150616	0.082776	0.089478	0.064623	0.057166	0.086371	0.101284	0.244821	0.096313	0.065244	0.126139	0.091342
3.0	0.020551	0.105247	0.031741	0.172399	0.094601	0.095691	0.070215	0.065244	0.095691	0.115575	0.275268	0.106255	0.070836	0.138566	0.102527
3.5	0.024911	0.120194	0.037343	0.197916	0.108294	0.106876	0.07705	0.072079	0.102527	0.130488	0.30323	0.113711	0.077672	0.148508	0.109983
4.0	0.02927	0.13514	0.041699	0.218455	0.125098	0.115575	0.085128	0.0814	0.111226	0.146023	0.336163	0.120546	0.083264	0.163421	0.114954
4.5	0.035498	0.149464	0.047923	0.24086	0.141902	0.12676	0.092585	0.089478	0.121168	0.159071	0.364746	0.132974	0.09072	0.17647	0.125517
5.0	0.038611	0.165033	0.054147	0.263266	0.156217	0.137323	0.096313	0.100041	0.131731	0.177713	0.396436	0.143537	0.096934	0.19014	0.136702
5.5	0.044839	0.179357	0.060993	0.283804	0.172399	0.146023	0.108119	0.10874	0.139809	0.196354	0.427504	0.1541	0.104391	0.205053	0.150994
6.0	0.049199	0.196171	0.067217	0.30621	0.190448	0.159071	0.114954	0.119925	0.151615	0.214995	0.45733	0.164664	0.112468	0.22183	0.1628
6.5	0.056049	0.217345	0.073441	0.333595	0.207252	0.173363	0.125517	0.130488	0.1628	0.236743	0.487778	0.175848	0.121789	0.23985	0.175227
7.0	0.062899	0.233537	0.081532	0.355378	0.227168	0.187033	0.134838	0.142916	0.178334	0.256006	0.52071	0.184548	0.132974	0.25787	0.188897
7.5	0.066636	0.25222	0.088378	0.379028	0.247084	0.200703	0.146023	0.157207	0.191383	0.280239	0.553022	0.201325	0.142294	0.277132	0.202568
8.0	0.074109	0.27028	0.098336	0.398322	0.266378	0.214995	0.155965	0.170878	0.20816	0.300744	0.583469	0.218102	0.152858	0.295152	0.218723
8.5	0.08096	0.2927	0.106427	0.42135	0.285049	0.231772	0.167771	0.185169	0.219966	0.325599	0.613916	0.231151	0.165285	0.320007	0.238607
9.0	0.08781	0.312006	0.116385	0.445623	0.304965	0.250413	0.183305	0.200703	0.237364	0.351076	0.644364	0.245442	0.177091	0.341134	0.255384
9.5	0.097151	0.32882	0.124476	0.470518	0.327371	0.265326	0.197597	0.218723	0.254141	0.375309	0.676054	0.260355	0.188897	0.363503	0.27154
10.0	0.104002	0.349372	0.136923	0.491679	0.347909	0.283967	0.210645	0.2355	0.276511	0.400164	0.705258	0.277754	0.201946	0.38463	0.28956
10.5	0.111475	0.368677	0.149371	0.515952	0.367826	0.300123	0.225558	0.25352	0.293288	0.430611	0.739434	0.299502	0.218723	0.406999	0.310686
11.0	0.120817	0.388606	0.161818	0.539602	0.387742	0.320007	0.240471	0.273404	0.310686	0.456088	0.771745	0.3169	0.233015	0.437446	0.329949
11.5	0.130781	0.415385	0.173644	0.560763	0.414504	0.339891	0.25787	0.294531	0.333056	0.482807	0.803435	0.333677	0.250413	0.461059	0.354804
12.0	0.140745	0.435936	0.184846	0.583168	0.435665	0.364124	0.275268	0.315036	0.353561	0.508904	0.835125	0.354182	0.26719	0.485913	0.374688
12.5	0.150087	0.455865	0.200406	0.609308	0.457448	0.382766	0.293909	0.337405	0.377173	0.53873	0.868058	0.374066	0.28521	0.510768	0.395814
13.0	0.161919	0.477039	0.212231	0.634203	0.478609	0.401407	0.31255	0.359153	0.398921	0.571042	0.902233	0.397679	0.308822	0.537487	0.417562
13.5	0.173129	0.496967	0.229658	0.657231	0.49728	0.423776	0.331192	0.382144	0.420669	0.599625	0.93268	0.419427	0.326221	0.562964	0.443039
14.0	0.183093	0.521255	0.243972	0.681504	0.519686	0.449874	0.351076	0.406378	0.444903	0.628208	0.966235	0.438068	0.347347	0.593411	0.469136
14.5	0.197417	0.548657	0.260154	0.704532	0.54707	0.469758	0.370338	0.42999	0.468515	0.657412	0.997925	0.462301	0.369717	0.622615	0.493991
15.0	0.209249	0.566717	0.276958	0.735651	0.568854	0.493991	0.392086	0.457952	0.495855	0.688481	1.033343	0.485913	0.390222	0.648092	0.516361
15.5	0.219836	0.589759	0.292518	0.759301	0.591259	0.516361	0.413834	0.485292	0.520089	0.717686	1.066897	0.51139	0.418184	0.675432	0.541837
16.0	0.234783	0.609688	0.309322	0.783574	0.615532	0.539352	0.436825	0.508283	0.547429	0.750618	1.098587	0.538109	0.441175	0.707744	0.567935
16.5	0.25222	0.634598	0.327993	0.808469	0.637315	0.567935	0.46168	0.538109	0.571042	0.783551	1.138355	0.559235	0.462301	0.737569	0.598382
17.0	0.267789	0.662623	0.346665	0.833987	0.666567	0.591547	0.484671	0.564206	0.604596	0.812756	1.171909	0.587819	0.488399	0.76491	0.625722
17.5	0.282736	0.685665	0.364091	0.862616	0.691462	0.61578	0.505797	0.59279	0.630693	0.845688	1.202356	0.612052	0.512632	0.793493	0.651199
18.0	0.295814	0.70933	0.384007	0.886267	0.715113	0.642499	0.531274	0.621373	0.655548	0.877378	1.239639	0.637528	0.53873	0.823319	0.677918
18.5	0.311383	0.732995	0.403301	0.914274	0.737518	0.667976	0.558614	0.649334	0.684131	0.909068	1.275678	0.666733	0.568556	0.85998	0.709608
19.0	0.326952	0.755415	0.422595	0.938546	0.763036	0.699666	0.582848	0.67916	0.712093	0.94138	1.30799	0.694073	0.595275	0.890427	0.736327
19.5	0.344389	0.77908	0.442511	0.964064	0.787931	0.723278	0.608945	0.707744	0.738812	0.974312	1.344029	0.720171	0.621373	0.917146	0.76491
20.0	0.361204	0.807105	0.459315	0.990204	0.809092	0.750618	0.633179	0.736948	0.77423	1.006624	1.375719	0.748754	0.648092	0.949458	0.793493
20.5	0.375528	0.828279	0.479854	1.020078	0.839588	0.779201	0.660519	0.768638	0.802814	1.040178	1.408031	0.773609	0.677296	0.979905	0.820833
21.0	0.392342	0.853812	0.504126	1.04684	0.86635	0.807785	0.687238	0.799085	0.831397	1.071868	1.443449	0.80592	0.705879	1.009109	0.851281
21.5	0.411025	0.879968	0.522798	1.072358	0.891246	0.834504	0.712715	0.830154	0.862465	1.104801	1.479488	0.835746	0.734463	1.042042	0.885456
22.0	0.428463	0.901765	0.543959	1.095386	0.917386	0.868058	0.743162	0.861223	0.888563	1.137733	1.512421	0.866194	0.768638	1.078082	0.914661
22.5	0.447769	0.927921	0.566364	1.124015	0.942281	0.896019	0.771124	0.891048	0.927088	1.17253	1.548461	0.890427	0.7966	1.111014	0.945108
23.0	0.464583	0.959059	0.58628	1.155134	0.966553	0.92336	0.797843	0.925224	0.954428	1.206706	1.583258	0.920874	0.827668	1.142704	0.974934
23.5	0.483889	0.982724	0.611798	1.180652	0.998295	0.951322	0.82829	0.953807	0.986119	1.242124	1.619297	0.9507	0.853766	1.173773	1.002896
24.0	0.503195	1.007635	0.631714	1.208036	1.026302	0.979905	0.855009	0.986119	1.019051	1.273193	1.65658	0.986119	0.885456	1.20422	1.031479
24.5	0.521255	1.032546	0.652875	1.235421	1.051819	1.007245	0.884213	1.016566	1.05012	1.306126	1.687648	1.01408	0.914661	1.243988	1.070625
25.0	0.538692	1.058079	0.675903	1.263428	1.078581	1.042663	0.915903	1.05012	1.082431	1.340301	1.726174	1.044528	0.953186	1.275678	1.102315
25.5	0.558621	1.082367	0.700798	1.293302	1.104721	1.073111	0.943865	1.079946	1.1135	1.376341	1.759106	1.075596	0.98239	1.306747	1.13152
26.0	0.576058	1.114128	0.725071	1.322554	1.130239	1.103558	0.974312	1.111014	1.144569	1.409895	1.795767	1.102937	1.011595	1.340301	1.163831
26.5	0.597855	1.140907	0.745609	1.349938	1.162603	1.132763	1.00476	1.147054	1.17688	1.444692	1.832428	1.135869	1.043906	1.370748	1.191172
27.0	0.617161	1.16644	0.76677	1.377945	1.188742	1.163831	1.037692	1.179987	1.207949	1.480731	1.866604	1.173773	1.073111	1.404924	1.230318
27.5	0.634598	1.192597	0.792287	1.40284	1.215505	1.193657	1.065654	1.213541	1.241503	1.514285	1.904507	1.202356	1.104801	1.440342	1.263872
28.0	0.654527	1.216884	0.813448	1.437071	1.242267	1.22659	1.09983	1.248338	1.270707	1.548461	1.938062	1.233425	1.145811	1.472653	1.291834
28.5	0.676946	1.244909	0.838344	1.461967	1.269029	1.254552	1.127792	1.280649	1.308611	1.582015	1.974723	1.263872	1.173152	1.5118	1.326009
29.0	0.696875	1.274802	0.862616	1.490596	1.300771	1.28562	1.161967	1.310475	1.342786	1.619297	2.011384	1.301776	1.207327	1.544111	1.358321
29.5	0.715558	1.303449	0.886267	1.52047	1.3294	1.316689	1.19055	1.345893	1.372612	1.650366	2.046802	1.329738	1.240881	1.576423	1.388147
30.0	0.736732	1.327114	0.909917	1.549722	1.357407	1.348379	1.221619	1.380069	1.406788	1.687027	2.084084	1.36267	1.274436	1.610598	1.422944
30.5	0.757283	1.356384	0.934812	1.576484	1.388526	1.376962	1.255173	1.41238	1.437235	1.720581	2.121367	1.395603	1.30364	1.645395	1.45774
31.0	0.775343	1.387522	0.961574	1.610715	1.414666	1.416108	1.287484	1.447798	1.469547	1.755378	2.156163	1.428536	1.337816	1.680192	1.491916
31.5	0.798386	1.413678	0.982735	1.639344	1.445785	1.444692	1.320417	1.481974	1.50745	1.79266	2.19096	1.459605	1.376341	1.719338	1.521742
32.0	0.822051	1.443571	1.009498	1.665484	1.473169	1.47576	1.35335	1.514907	1.540383	1.82435	2.233835	1.491916	1.408031	1.752892	1.556539
32.5	0.842602	1.468482	1.035015	1.69847	1.499932	1.508072	1.382554	1.552189	1.575801	1.862254	2.267389	1.529198	1.442827	1.783961	1.589471
33.0	0.865022	1.497129	1.05991	1.725232	1.53354	1.537276	1.415487	1.582636	1.606248	1.897672	2.302807	1.562131	1.476382	1.819379	1.626132
33.5	0.884327	1.529513	1.08356	1.758841	1.563414	1.576423	1.449041	1.618055	1.639181	1.929984	2.341332	1.591336	1.506207	1.854176	1.662172
34.0	0.906124	1.557537	1.1097	1.786848	1.589554	1.605006	1.483838	1.65223	1.673978	1.964781	2.376751	1.62489	1.547218	1.88773	1.694483
34.5	0.929167	1.586807	1.137707	1.8161	1.618183	1.63856	1.517392	1.68827	1.70629	2.00082	2.410305	1.664658	1.578287	1.920042	1.728659
35.0	0.952209	1.613586	1.163225	1.845974	1.654281	1.668386	1.545354	1.724309	1.744193	2.036238	2.44883	1.695105	1.613705	1.960431	1.761592
35.5	0.971515	1.642233	1.189987	1.875848	1.680421	1.701319	1.582015	1.759106	1.77899	2.072278	2.483006	1.725552	1.649745	1.992742	1.793903
36.0	0.993934	1.672749	1.213015	1.909456	1.710918	1.732387	1.614326	1.790796	1.811301	2.106454	2.520909	1.76097	1.680813	2.030025	1.8287
36.5	1.016354	1.699528	1.241022	1.940575	1.740792	1.770912	1.645395	1.827457	1.842992	2.141872	2.556949	1.793282	1.711261	2.062958	1.859769
37.0	1.039396	1.733157	1.267162	1.970449	1.770044	1.803224	1.686406	1.864118	1.879653	2.17729	2.594231	1.829321	1.752892	2.097133	1.902022
37.5	1.059325	1.762427	1.295169	1.999701	1.801163	1.835535	1.716853	1.899536	1.910721	2.213951	2.631514	1.859769	1.785825	2.139386	1.932469
38.0	1.083613	1.790452	1.320687	2.028331	1.832904	1.86474	1.749164	1.931848	1.952353	2.246884	2.666932	1.894565	1.821865	2.171698	1.966645
38.5	1.1079	1.819099	1.348071	2.060072	1.859044	1.897051	1.781476	1.967266	1.985907	2.283545	2.701107	1.930605	1.854798	2.206495	2.001441
39.0	1.130943	1.850237	1.376078	2.090569	1.890163	1.935576	1.816272	2.001441	2.022568	2.319584	2.73839	1.963538	1.88773	2.242534	2.03686
39.5	1.152117	1.883244	1.40284	2.126666	1.922526	1.967266	1.849827	2.038103	2.05488	2.356246	2.780643	1.997713	1.922527	2.276088	2.071035
40.0	1.173914	1.913137	1.430848	2.158408	1.956135	2.00082	1.884624	2.074764	2.089055	2.391664	2.817304	2.030646	1.961674	2.313371	2.105211
40.5	1.198201	1.943652	1.45761	2.18766	1.985387	2.03251	1.922527	2.105832	2.118881	2.424596	2.855829	2.065443	1.995228	2.345061	2.140008
41.0	1.223735	1.971677	1.484994	2.219401	2.014638	2.066686	1.954217	2.143115	2.153678	2.459393	2.890626	2.102725	2.03251	2.379236	2.171076
41.5	1.244909	2.002815	1.513001	2.248652	2.047002	2.098997	1.985286	2.179775	2.189096	2.496054	2.929151	2.138765	2.064822	2.419626	2.206495
42.0	1.269197	2.029594	1.542253	2.276659	2.076876	2.130687	2.021326	2.215194	2.228864	2.533337	2.962705	2.169834	2.099618	2.455665	2.24067
42.5	1.292862	2.060732	1.569638	2.309023	2.104883	2.164241	2.054258	2.249991	2.26304	2.567512	2.998123	2.203388	2.135037	2.487355	2.273603
43.0	1.317773	2.093739	1.595155	2.344499	2.13538	2.197795	2.088434	2.28603	2.299079	2.602309	3.039134	2.23632	2.171076	2.525259	2.312749
43.5	1.339569	2.1255	1.62503	2.374995	2.173967	2.234456	2.123231	2.322691	2.333876	2.642077	3.077038	2.27671	2.205252	2.560056	2.346925
44.0	1.36448	2.15477	1.653037	2.407981	2.205086	2.269875	2.158649	2.355003	2.366809	2.673767	3.109971	2.311507	2.242534	2.595474	2.382964
44.5	1.388768	2.185285	1.683533	2.436611	2.232471	2.302807	2.193446	2.392906	2.402227	2.711049	3.152224	2.341954	2.27671	2.629028	2.419004
45.0	1.414301	2.21331	1.71154	2.468352	2.264834	2.332633	2.227621	2.429567	2.442616	2.74771	3.183914	2.377372	2.313992	2.665689	2.44883
45.5	1.436098	2.248807	1.741414	2.498849	2.293464	2.363702	2.25869	2.464364	2.474306	2.78375	3.221196	2.409062	2.351896	2.7067	2.483627
46.0	1.461631	2.280568	1.767554	2.534946	2.333296	2.397256	2.293487	2.497918	2.510346	2.822275	3.260964	2.44448	2.387935	2.741497	2.517181
46.5	1.487165	2.311084	1.797428	2.566688	2.361303	2.43081	2.328905	2.533958	2.545143	2.857072	3.297004	2.485491	2.420247	2.778157	2.559434
47.0	1.513321	2.341599	1.82668	2.594073	2.393044	2.464364	2.363702	2.569376	2.581804	2.891869	3.333665	2.517802	2.456286	2.811712	2.594231
47.5	1.535118	2.372738	1.855309	2.628303	2.42603	2.501647	2.395392	2.607901	2.614115	2.924802	3.368462	2.552599	2.490462	2.848373	2.630892
48.0	1.559406	2.401385	1.887051	2.663157	2.454037	2.538929	2.431432	2.641455	2.652019	2.961462	3.403259	2.588017	2.524637	2.882548	2.662582
48.5	1.586185	2.435014	1.916925	2.69552	2.485156	2.568755	2.465607	2.678738	2.686816	2.997502	3.440541	2.62095	2.560677	2.922937	2.693029
49.0	1.612341	2.469266	1.94431	2.727884	2.516898	2.60293	2.501025	2.714777	2.722855	3.032299	3.477202	2.66134	2.599202	2.958356	2.730933
49.5	1.633515	2.501028	1.972939	2.76087	2.548639	2.635242	2.538308	2.75206	2.760759	3.072067	3.514484	2.696136	2.635242	2.992531	2.767594
50.0	1.662162	2.530298	2.004058	2.788877	2.581002	2.67501	2.569376	2.784371	2.792449	3.103757	3.551145	2.730312	2.673767	3.026707	2.801148
50.5	1.68645	2.563304	2.033932	2.822485	2.618968	2.706078	2.606037	2.820411	2.830353	3.139796	3.585321	2.763245	2.707942	3.063989	2.837188
51.0	1.713229	2.590706	2.065051	2.857961	2.651331	2.740875	2.642077	2.857072	2.867014	3.172729	3.62571	2.798663	2.742118	3.098165	2.875092
51.5	1.737517	2.631808	2.091813	2.890947	2.683073	2.775051	2.678117	2.895597	2.898704	3.212497	3.659885	2.830974	2.774429	3.140418	2.911753
52.0	1.76305	2.660456	2.12231	2.923933	2.711702	2.805498	2.710428	2.927908	2.934743	3.248537	3.696546	2.867014	2.808605	3.172729	2.942821
52.5	1.787338	2.692839	2.153429	2.955674	2.742821	2.840295	2.745846	2.963948	2.968919	3.285819	3.736936	2.902432	2.844023	3.210011	2.979482
53.0	1.816608	2.720864	2.18517	2.987416	2.782653	2.877577	2.781264	3.00123	3.009929	3.317509	3.772354	2.941579	2.880063	3.24543	3.016765
53.5	1.83965	2.752002	2.211932	3.019157	2.811905	2.912374	2.817925	3.039134	3.045348	3.354791	3.806529	2.975133	2.922937	3.282712	3.052183
54.0	1.865184	2.7875	2.243051	3.050898	2.844891	2.943443	2.852101	3.076416	3.082009	3.393317	3.846919	3.008687	2.957734	3.315024	3.088844
54.5	1.891963	2.822998	2.27417	3.088241	2.877877	2.980104	2.885655	3.108106	3.115563	3.428735	3.881716	3.040998	2.990667	3.35417	3.124262
55.0	1.918741	2.857249	2.306534	3.115003	2.907129	3.009308	2.920452	3.14601	3.15036	3.459803	3.918376	3.075795	3.027328	3.39021	3.15968
55.5	1.946766	2.889011	2.333296	3.146122	2.940115	3.044105	2.956491	3.182671	3.187642	3.496464	3.954416	3.114942	3.059018	3.424385	3.19137
56.0	1.971054	2.918903	2.364415	3.175374	2.976213	3.078902	2.99191	3.220575	3.221196	3.533125	3.99232	3.147874	3.0963	3.454211	3.22741
56.5	1.999078	2.950042	2.396156	3.209605	3.009821	3.113699	3.029192	3.253508	3.261585	3.569786	4.029602	3.180807	3.132961	3.489008	3.26345
57.0	2.025234	2.980557	2.426653	3.241346	3.039695	3.152224	3.060261	3.290169	3.297625	3.605826	4.065021	3.214983	3.16838	3.52629	3.303217
57.5	2.053259	3.013564	2.457149	3.277444	3.073304	3.186399	3.096922	3.327451	3.330558	3.642487	4.099817	3.249158	3.203798	3.557359	3.338636
58.0	2.076924	3.05093	2.489513	3.309808	3.105667	3.216847	3.132961	3.364733	3.365355	3.67542	4.137721	3.282091	3.247294	3.600855	3.370947
58.5	2.104949	3.083314	2.520632	3.341549	3.142388	3.252886	3.167758	3.396423	3.400773	3.709595	4.178731	3.323723	3.282091	3.634409	3.407608
59.0	2.132973	3.113206	2.549261	3.374535	3.174129	3.285819	3.200691	3.433084	3.43557	3.746878	4.215393	3.35852	3.317509	3.669827	3.440541
59.5	2.160997	3.144967	2.579758	3.403787	3.205248	3.32683	3.234866	3.472231	3.472852	3.782296	4.249568	3.39021	3.352927	3.706488	3.474095
60.0	2.184663	3.176728	2.613366	3.43615	3.238856	3.35852	3.272149	3.507649	3.507028	3.819578	4.284986	3.420657	3.388345	3.736314	3.510756
60.5	2.215178	3.21534	2.644485	3.477227	3.27122	3.392074	3.308188	3.544931	3.547417	3.856861	4.325376	3.456697	3.423142	3.771111	3.546796
61.0	2.240711	3.246478	2.675604	3.505857	3.30794	3.427492	3.343607	3.577864	3.58035	3.889172	4.361415	3.492115	3.459803	3.803422	3.582835
61.5	2.269359	3.279485	2.704856	3.539465	3.340304	3.458561	3.379646	3.613282	3.615768	3.923347	4.395591	3.53064	3.500814	3.84319	3.619496
62.0	2.293647	3.313114	2.737842	3.572451	3.372045	3.493979	3.414443	3.651186	3.649943	3.96063	4.429766	3.569786	3.534368	3.876745	3.652429
62.5	2.322917	3.342384	2.769583	3.602947	3.403787	3.526912	3.447997	3.689711	3.684119	3.996048	4.464563	3.603962	3.569786	3.912163	3.68909
63.0	2.349695	3.375391	2.801947	3.634067	3.434906	3.561087	3.482173	3.722023	3.720159	4.032088	4.501224	3.640002	3.605205	3.944474	3.72513
63.5	2.378965	3.407775	2.831199	3.674521	3.467269	3.602719	3.518212	3.759305	3.760548	4.063778	4.534157	3.676041	3.642487	3.979892	3.761169
64.0	2.402631	3.445141	2.864807	3.705018	3.5015	3.634409	3.555495	3.795345	3.794723	4.10106	4.570197	3.712081	3.683498	4.018417	3.800937
64.5	2.431278	3.475033	2.896548	3.739249	3.540087	3.669827	3.587806	3.833248	3.830763	4.135857	4.607479	3.743771	3.715809	4.053215	3.838219
65.0	2.46117	3.50804	2.929534	3.769745	3.571829	3.705246	3.623846	3.867424	3.869288	4.172518	4.640411	3.777325	3.750606	4.088011	3.873016
65.5	2.490441	3.542292	2.958164	3.803976	3.605437	3.733829	3.659885	3.911541	3.900978	4.205451	4.678315	3.812743	3.787267	4.122808	3.909056
66.0	2.515351	3.574053	2.990527	3.839451	3.635311	3.769868	3.695925	3.939503	3.937639	4.240248	4.714355	3.843812	3.823307	4.156362	3.943231
66.5	2.543376	3.60706	3.023514	3.871193	3.66892	3.809636	3.727615	3.972436	3.977407	4.27753	4.749773	3.880473	3.856861	4.189295	3.979271
67.0	2.573268	3.644426	3.055877	3.904179	3.708752	3.842569	3.765519	4.008475	4.010961	4.314812	4.783949	3.914027	3.893522	4.222849	4.010961
67.5	2.602538	3.674941	3.085129	3.931563	3.739249	3.879851	3.799694	4.049486	4.047622	4.345881	4.818746	3.947581	3.931425	4.255782	4.043894
68.0	2.627449	3.70857	3.118737	3.963927	3.771612	3.909677	3.835734	4.077448	4.079312	4.383163	4.852921	3.983621	3.971193	4.289336	4.079933
68.5	2.657964	3.740954	3.150479	3.998158	3.806465	3.943853	3.867424	4.122808	4.115973	4.419203	4.887718	4.018417	4.005369	4.327861	4.119701
69.0	2.687235	3.77147	3.183465	4.033011	3.838829	3.97865	3.899114	4.157605	4.15077	4.457107	4.923758	4.049486	4.04203	4.360172	4.153877
69.5	2.715259	3.811327	3.213339	4.064752	3.87057	4.017796	3.935775	4.194887	4.190538	4.493146	4.958554	4.081176	4.078691	4.394969	4.191159
70.0	2.740793	3.844333	3.24508	4.098361	3.91227	4.050729	3.971815	4.226577	4.22782	4.523593	4.993351	4.115352	4.110381	4.427902	4.222849
70.5	2.771931	3.876095	3.278688	4.132591	3.940899	4.085526	4.009718	4.264481	4.261996	4.559012	5.027527	4.151391	4.148906	4.464563	4.260753
71.0	2.801201	3.907233	3.312919	4.164333	3.97513	4.119701	4.040787	4.299899	4.296793	4.595673	5.061081	4.190538	4.189916	4.498117	4.291821
71.5	2.832339	3.941485	3.340926	4.196074	4.006248	4.151391	4.076205	4.337182	4.328483	4.631712	5.095256	4.223471	4.222228	4.535399	4.334696
72.0	2.857872	3.971378	3.374535	4.234039	4.03799	4.186188	4.111623	4.370736	4.365143	4.663403	5.131917	4.25951	4.25951	4.569575	4.370114
72.5	2.88652	4.005007	3.405654	4.263291	4.067864	4.226577	4.149527	4.406154	4.405533	4.698821	5.165472	4.289958	4.294929	4.600644	4.406154
73.0	2.917658	4.038013	3.441752	4.298144	4.106452	4.261374	4.183081	4.442815	4.439708	4.734239	5.200268	4.321026	4.32724	4.631712	4.436601
73.5	2.947551	4.072266	3.471003	4.331752	4.138815	4.293064	4.2185	4.479476	4.471398	4.769657	5.234444	4.35458	4.361415	4.66713	4.472641
74.0	2.975575	4.10465	3.504612	4.362249	4.168067	4.328483	4.25516	4.51303	4.508059	4.805075	5.269241	4.391241	4.398076	4.700063	4.513651
74.5	3.006091	4.138902	3.536975	4.395857	4.200431	4.359551	4.289958	4.550313	4.545963	4.837387	5.302795	4.425416	4.43598	4.731132	4.546584
75.0	3.035361	4.172531	3.570584	4.433823	4.233417	4.396212	4.322269	4.584488	4.583245	4.874048	5.331999	4.455864	4.469534	4.764686	4.582003
75.5	3.064008	4.213634	3.60108	4.466186	4.265158	4.431009	4.359551	4.623634	4.618664	4.908844	5.364311	4.489418	4.502467	4.800105	4.617421
76.0	3.092655	4.246017	3.633444	4.499794	4.305613	4.466427	4.395591	4.655324	4.649732	4.944884	5.397865	4.519866	4.538507	4.837387	4.648489
76.5	3.12068	4.274042	3.665185	4.530913	4.338599	4.501224	4.434116	4.691364	4.683908	4.974089	5.432662	4.557769	4.571439	4.871562	4.682044
77.0	3.148704	4.30518	3.701906	4.565145	4.369718	4.527943	4.464563	4.728025	4.71684	5.01075	5.466837	4.590702	4.606236	4.896417	4.713734
77.5	3.179219	4.33445	3.729913	4.601865	4.403948	4.563983	4.501224	4.758472	4.751016	5.046168	5.502255	4.619906	4.637926	4.931835	4.747288
78.0	3.207867	4.368702	3.764143	4.631739	4.431955	4.59878	4.537264	4.792648	4.790784	5.082208	5.53581	4.651596	4.679558	4.963525	4.787055
78.5	3.23776	4.401709	3.798374	4.665347	4.474277	4.632955	4.573925	4.829309	4.824338	5.112655	5.566257	4.683908	4.712491	4.996458	4.82061
79.0	3.269521	4.434715	3.832605	4.698956	4.502906	4.661538	4.605615	4.86162	4.857271	5.148073	5.599811	4.718083	4.745424	5.036848	4.853542
79.5	3.300036	4.466476	3.861857	4.732564	4.53527	4.696335	4.64414	4.898281	4.891446	5.181627	5.632744	4.751637	4.780842	5.071023	4.887718
80.0	3.328061	4.500729	3.895465	4.766172	4.569501	4.737346	4.679558	4.931835	4.925	5.217045	5.663813	4.788298	4.81626	5.102713	4.926243
80.5	3.357953	4.533113	3.928451	4.794179	4.601865	4.764065	4.714976	4.967875	4.954826	5.249978	5.695502	4.821231	4.850436	5.13751	4.958554
81.0	3.389092	4.56861	3.962682	4.827166	4.641697	4.79824	4.744802	5.002672	4.996458	5.282911	5.72595	4.854164	4.885854	5.169821	4.99273
81.5	3.418984	4.601617	3.993179	4.866998	4.677795	4.83428	4.782706	5.037469	5.028769	5.317708	5.75764	4.885854	4.916923	5.200268	5.023798
82.0	3.447009	4.634	4.026787	4.895627	4.711403	4.867834	4.819367	5.070402	5.061081	5.353747	5.788708	4.91568	4.947991	5.230716	5.05611
82.5	3.478147	4.664516	4.060396	4.926124	4.741277	4.900767	4.856028	5.105198	5.095256	5.384816	5.821641	4.949234	4.982788	5.267998	5.091528
83.0	3.50804	4.6969	4.09027	4.957242	4.774263	4.933078	4.887096	5.139995	5.129432	5.420234	5.853952	4.987759	5.025041	5.303416	5.12881
83.5	3.539801	4.727416	4.125123	4.989606	4.809116	4.961661	4.923758	5.177278	5.159879	5.453167	5.8844	5.018827	5.056731	5.335106	5.159258
84.0	3.56658	4.76229	4.158109	5.018858	4.838991	4.998944	4.958554	5.208346	5.197783	5.487964	5.919197	5.052382	5.0878	5.369903	5.194055
84.5	3.598341	4.792183	4.192962	5.051844	4.878201	5.033119	4.993973	5.240658	5.231337	5.518411	5.949023	5.085936	5.121975	5.402215	5.225745
85.0	3.628856	4.832663	4.222214	5.090432	4.912431	5.065431	5.030633	5.27794	5.261163	5.551965	5.981334	5.116383	5.156151	5.435769	5.25992
85.5	3.660618	4.861933	4.255822	5.120306	4.942306	5.099606	5.061081	5.308387	5.295339	5.58117	6.01116	5.147452	5.191569	5.467459	5.295339
86.0	3.688019	4.892448	4.289431	5.151424	4.976536	5.125704	5.094635	5.340077	5.328893	5.615967	6.04285	5.185977	5.222638	5.49977	5.327028
86.5	3.719157	4.924832	4.324284	5.180676	5.015124	5.161743	5.12881	5.371768	5.35934	5.647036	6.073918	5.217667	5.26427	5.533324	5.358718
87.0	3.750296	4.959707	4.354158	5.21304	5.046243	5.195297	5.162364	5.402836	5.399108	5.68059	6.106851	5.246871	5.29596	5.561907	5.392272
87.5	3.779566	4.9896	4.387766	5.246648	5.079851	5.229473	5.192812	5.440118	5.430176	5.712901	6.13792	5.279804	5.324543	5.595461	5.424584
88.0	3.810081	5.020115	4.42262	5.277767	5.114704	5.261785	5.22823	5.467459	5.463109	5.743969	6.165882	5.312116	5.35934	5.627773	5.456895
88.5	3.84122	5.053745	4.456851	5.313865	5.144578	5.297203	5.261785	5.501013	5.49542	5.773796	6.198193	5.346291	5.39103	5.661327	5.493556
89.0	3.87049	5.085506	4.486725	5.34374	5.178809	5.328271	5.296581	5.533324	5.530839	5.806728	6.227397	5.380466	5.416506	5.693638	5.52214
89.5	3.903496	5.117267	4.519088	5.376103	5.209306	5.351883	5.327028	5.569985	5.564393	5.83904	6.257845	5.410293	5.447575	5.72595	5.55383
90.0	3.929652	5.151519	4.553942	5.4066	5.250383	5.387301	5.35934	5.59919	5.596704	5.871351	6.286428	5.441982	5.480507	5.757019	5.588005
90.5	3.960791	5.183903	4.58755	5.433362	5.283369	5.421477	5.394137	5.628394	5.627151	5.899313	6.311904	5.473051	5.514061	5.788708	5.620317
91.0	3.99442	5.213796	4.616179	5.470082	5.31511	5.456895	5.427691	5.663813	5.660706	5.92976	6.341109	5.502255	5.546994	5.825369	5.654492
91.5	4.025558	5.243688	4.648543	5.496845	5.34374	5.489207	5.458138	5.697988	5.691774	5.963314	6.367828	5.532082	5.577442	5.854574	5.684939
92.0	4.051714	5.274204	4.680907	5.534187	5.375481	5.514061	5.489828	5.723464	5.720979	5.997489	0.106876	5.564393	5.616588	5.885021	5.712901
92.5	4.083476	5.312815	4.716382	5.563439	5.407845	5.54948	5.523382	5.750183	5.752669	6.025452	0.10874	5.601054	5.650142	5.913604	5.745213
93.0	4.115237	5.345199	4.745012	5.594558	5.438963	5.584277	5.558179	5.784359	5.781873	6.057141	0.111847	5.629015	5.681832	5.944052	5.780009
93.5	4.145752	5.371978	4.777997	5.625677	5.475061	5.618452	5.586762	5.814185	5.815427	6.088831	0.11309	5.661327	5.715386	5.97947	5.811078
94.0	4.173154	5.404984	4.810984	5.653061	5.506803	5.652007	5.620938	5.837175	5.847117	6.123007	0.114954	5.68991	5.743348	6.006189	5.839661
94.5	4.204292	5.433632	4.844592	5.689159	5.534187	5.671269	5.652628	5.868244	5.879429	6.15159	0.116197	5.716629	5.777524	6.036636	5.875079
95.0	4.23543	5.465393	4.872599	5.721523	5.564061	5.706066	5.686803	5.89807	5.911119	6.184523	0.116197	5.745834	5.807971	6.065219	5.908012
95.5	4.267191	5.491549	4.906208	5.748908	5.595181	5.730921	5.7216	5.93411	5.940323	6.218077	0.116197	5.775038	5.840282	6.094424	5.938459
96.0	4.296462	5.52331	4.938571	5.776292	5.628789	5.763854	5.750805	5.9571	5.971392	6.249146	0.117439	5.806107	5.879429	6.126735	5.963935
96.5	4.3276	5.55258	4.97218	5.807411	5.661152	5.796786	5.783738	5.989412	6.004325	6.275865	0.0	5.83469	5.909876	6.154076	5.998733
97.0	4.357492	5.58185	5.000809	5.83604	5.692271	5.820398	5.814806	6.016752	6.034772	6.308797	0.0	5.865137	5.940323	6.181416	6.031665
97.5	4.390499	5.61112	5.033795	5.871516	5.721523	5.849603	5.840904	6.047821	6.066462	6.339866	0.0	5.899934	5.972635	6.211242	6.054656
98.0	4.418523	5.637276	5.066159	5.898901	5.752019	5.88005	5.870729	6.07454	6.09691	6.372178	0.0	5.924789	6.004325	6.240447	6.079511
98.5	4.449662	5.661564	5.099767	5.926908	5.785006	5.915468	5.906148	6.104366	6.126735	6.398896	0.0	5.954615	6.036636	6.26903	6.103745
99.0	4.4808	5.696439	5.128397	5.955537	5.816747	5.940945	5.939702	6.12922	6.154076	6.429344	0.0	5.983819	6.067705	6.302584	0.139187
99.5	4.513807	5.723841	5.162005	5.985412	5.849111	5.976363	5.972635	6.161532	6.179552	6.458548	0.0	6.016752	6.097531	6.327438	0.096934
100.0	4.539963	5.754979	5.193124	6.012174	5.882719	6.000597	6.004946	6.185144	6.206892	6.490238	0.0	6.045957	6.128599	6.356022	0.111847
100.5	4.572347	5.783003	5.224243	6.040803	5.911971	6.040986	6.036636	6.218699	6.237339	6.514472	0.0	6.077025	6.161532	6.385848	0.121168
101.0	4.60224	5.81601	5.25225	6.075656	5.943712	6.073297	6.068947	6.241689	6.267787	6.54554	0.0	6.107472	6.193222	6.415674	0.127381
101.5	4.634623	5.849017	5.282124	6.101796	5.973586	6.105608	6.103745	6.274001	6.294506	6.571017	0.0	6.139163	0.989847	6.444257	0.132352
102.0	4.66327	5.877664	5.314488	6.129803	6.004705	6.124249	6.131706	6.29637	6.322468	6.600842	0.0	6.16961	0.103769	6.471597	0.134217
102.5	4.695654	5.911293	5.345607	6.158432	6.036447	6.161532	6.167124	0.231151	6.34608	6.62694	0.0	6.2013	0.116818	6.50018	0.139809
103.0	4.727416	5.941809	5.372369	6.184573	6.066943	6.195086	6.199436	0.102527	6.365963	6.657388	0.0	6.233611	0.123653	6.529385	0.141673
103.5	4.756685	5.971079	5.40411	6.218181	6.096195	6.229262	6.232368	0.104391	6.383362	6.687835	0.0	6.262195	0.127381	6.557968	0.14478
104.0	4.78471	6.000349	5.436474	6.241831	6.127936	6.242311	6.258466	0.106255	6.411945	6.719525	0.0	6.29202	0.13111	6.589036	0.141052
104.5	4.817094	6.030864	5.468215	6.269216	6.155943	6.279593	6.292642	0.107497	6.438043	6.750593	0.0	6.321846	0.134838	6.620727	0.0
105.0	4.848232	6.062003	5.496845	6.294111	6.187685	6.312526	6.32371	0.10874	6.464762	6.774827	0.0	6.35043	0.136702	6.648688	0.0
105.5	4.880616	6.093141	5.529208	6.322741	6.218181	6.345459	6.357886	0.108119	6.490238	6.805896	0.0	6.379013	0.139187	6.678514	0.0
106.0	4.906772	6.123656	5.559705	6.345146	6.248055	6.37777	6.385226	0.10874	6.518821	0.065866	0.0	6.408838	0.14043	6.707719	0.0
106.5	4.939156	6.154172	5.590824	6.370041	6.277929	6.411324	6.416916	0.10874	6.546162	0.06773	0.0	6.438043	0.142916	6.733195	0.0
107.0	4.968426	6.186556	5.615719	6.399293	6.304691	6.441771	6.449228	0.109362	6.573502	0.071458	0.0	6.466626	0.144158	6.763642	0.0
107.5	4.997073	6.195274	5.648705	6.422321	6.333943	6.474082	6.478432	0.110604	6.596493	0.073322	0.0	6.493345	0.145401	6.792847	0.0
108.0	5.028211	6.228904	5.679201	6.445349	6.362573	6.495209	6.510122	0.109983	6.623212	0.076429	0.0	6.520064	0.147265	6.820808	0.0
108.5	5.057481	6.261288	5.709698	6.472111	6.389335	6.530627	6.539948	0.109362	6.650552	0.07705	0.0	6.356022	0.149751	6.850635	0.0
109.0	5.089242	6.289312	5.73646	6.497006	6.418587	6.564182	6.569152	0.110604	6.676029	0.0	0.0	6.39144	0.151615	4.828688	0.0
109.5	5.116644	0.85568	5.765712	6.526881	6.446594	6.583444	6.601464	0.110604	6.704612	0.0	0.0	6.426858	0.153479	0.073943	0.0
110.0	5.14716	0.033007	5.796208	6.549286	6.47709	6.620727	6.630047	0.111226	6.728846	0.0	0.0	6.448606	0.154722	0.075807	0.0
110.5	5.177675	0.034252	5.82795	6.571692	6.501986	6.651795	6.65863	0.0	6.750593	0.0	0.0	6.478432	0.157207	0.07705	0.0
111.0	5.207568	0.03612	5.85409	4.47241	6.528125	6.683485	6.695291	0.0	6.770477	0.0	0.0	6.508879	0.157207	0.078293	0.0
111.5	5.23497	0.0	5.885209	0.03921	6.55551	6.715175	6.72636	0.0	0.093206	0.0	0.0	6.534977	0.159693	0.079536	0.0
112.0	5.264863	0.0	5.91446	0.040455	6.581028	6.745623	0.121789	0.0	0.083885	0.0	0.0	6.56356	0.160936	0.077672	0.0
112.5	5.295378	0.0	5.946202	0.041077	6.614636	6.763642	0.090099	0.0	0.085749	0.0	0.0	6.593386	0.164042	0.0	0.0
113.0	5.325893	0.0	5.973586	0.041699	6.638908	6.794089	0.093827	0.0	0.085128	0.0	0.0	6.623833	0.165907	0.0	0.0
113.5	5.353295	0.0	6.002216	0.043566	6.666915	6.826401	0.094449	0.0	0.087614	0.0	0.0	6.653038	0.167149	0.0	0.0
114.0	5.383188	0.0	6.032712	0.043566	6.692433	6.859334	0.095691	0.0	0.090099	0.0	0.0	6.682864	0.169013	0.0	0.0
114.5	5.413081	0.0	6.062586	0.044189	6.714839	6.891645	0.096313	0.0	0.089478	0.0	0.0	6.714554	0.170256	0.0	0.0
115.0	5.442973	0.0	6.091838	0.046678	6.740356	6.911529	0.098798	0.0	0.090099	0.0	0.0	6.740652	0.173363	0.0	0.0
115.5	5.468507	0.0	6.117356	0.047301	6.768986	6.943841	0.098798	0.0	0.091342	0.0	0.0	6.764264	0.172742	0.0	0.0
116.0	5.497777	0.0	6.147852	0.047923	6.795748	6.980501	0.09942	0.0	0.09072	0.0	0.0	6.791604	0.175848	0.0	0.0
116.5	5.528915	0.0	6.175237	0.047301	6.820021	6.996036	0.101284	0.0	0.092585	0.0	0.0	6.819566	0.177713	0.0	0.0
117.0	5.559431	0.0	6.206356	0.049168	6.838692	1.982179	0.100662	0.0	0.09072	0.0	0.0	6.845042	0.178955	0.0	0.0
117.5	5.586209	0.0	6.231873	0.049168	0.027385	0.114954	0.101905	0.0	0.0	0.0	0.0	0.060895	0.180819	0.0	0.0
118.0	5.616102	0.0	6.261125	0.049168	0.027385	0.116197	0.102527	0.0	0.0	0.0	0.0	0.060895	0.182684	0.0	0.0
118.5	5.645372	0.0	6.289754	0.0	0.026762	0.118061	0.102527	0.0	0.0	0.0	0.0	0.060273	0.183926	0.0	0.0
119.0	5.67651	0.0	6.319629	0.0	0.0	0.0	0.103769	0.0	0.0	0.0	0.0	0.062759	0.18579	0.0	0.0
119.5	5.703912	0.0	6.344524	0.0	0.0	0.0	0.105012	0.0	0.0	0.0	0.0	0.064001	0.18579	0.0	0.0
120.0	5.733182	0.0	6.371908	0.0	0.0	0.0	0.103148	0.0	0.0	0.0	0.0	0.064623	0.19014	0.0	0.0
120.5	5.763075	0.0	0.029874	0.0	0.0	0.0	0.106255	0.0	0.0	0.0	0.0	0.065244	0.19076100000000001	0.0	0.0
121.0	5.795459	0.0	0.031741	0.0	0.0	0.0	0.108119	0.0	0.0	0.0	0.0	0.064001	0.192004	0.0	0.0
121.5	5.819124	0.0	0.031741	0.0	0.0	0.0	0.108119	0.0	0.0	0.0	0.0	0.0	0.193247	0.0	0.0
122.0	5.850262	0.0	0.031741	0.0	0.0	0.0	0.10874	0.0	0.0	0.0	0.0	0.0	0.195732	0.0	0.0
122.5	5.881401	0.0	0.0	0.0	0.0	0.0	0.10874	0.0	0.0	0.0	0.0	0.0	0.196975	0.0	0.0
123.0	5.909425	0.0	0.0	0.0	0.0	0.0	0.109983	0.0	0.0	0.0	0.0	0.0	0.199461	0.0	0.0
123.5	5.936827	0.0	0.0	0.0	0.0	0.0	0.111226	0.0	0.0	0.0	0.0	0.0	0.201946	0.0	0.0
124.0	5.967342	0.0	0.0	0.0	0.0	0.0	0.112468	0.0	0.0	0.0	0.0	0.0	0.198218	0.0	0.0
124.5	5.996612	0.0	0.0	0.0	0.0	0.0	0.111847	0.0	0.0	0.0	0.0	0.0	0.0	0.0	0.0
125.0	6.022768	0.0	0.0	0.0	0.0	0.0	0.11309	0.0	0.0	0.0	0.0	0.0	0.0	0.0	0.0
125.5	6.052038	0.0	0.0	0.0	0.0	0.0	0.114333	0.0	0.0	0.0	0.0	0.0	0.0	0.0	0.0
126.0	6.082554	0.0	0.0	0.0	0.0	0.0	0.115575	0.0	0.0	0.0	0.0	0.0	0.0	0.0	0.0
126.5	6.113692	0.0	0.0	0.0	0.0	0.0	0.115575	0.0	0.0	0.0	0.0	0.0	0.0	0.0	0.0
127.0	6.138603	0.0	0.0	0.0	0.0	0.0	0.116197	0.0	0.0	0.0	0.0	0.0	0.0	0.0	0.0
127.5	6.166005	0.0	0.0	0.0	0.0	0.0	0.116818	0.0	0.0	0.0	0.0	0.0	0.0	0.0	0.0
128.0	6.195274	0.0	0.0	0.0	0.0	0.0	0.116818	0.0	0.0	0.0	0.0	0.0	0.0	0.0	0.0
128.5	6.225167	0.0	0.0	0.0	0.0	0.0	0.116197	0.0	0.0	0.0	0.0	0.0	0.0	0.0	0.0
129.0	6.249455	0.0	0.0	0.0	0.0	0.0	0.119304	0.0	0.0	0.0	0.0	0.0	0.0	0.0	0.0
129.5	6.278725	0.0	0.0	0.0	0.0	0.0	0.119304	0.0	0.0	0.0	0.0	0.0	0.0	0.0	0.0
130.0	6.306749	0.0	0.0	0.0	0.0	0.0	0.121168	0.0	0.0	0.0	0.0	0.0	0.0	0.0	0.0
130.5	6.331038	0.0	0.0	0.0	0.0	0.0	0.121789	0.0	0.0	0.0	0.0	0.0	0.0	0.0	0.0
131.0	6.352834	0.0	0.0	0.0	0.0	0.0	0.121168	0.0	0.0	0.0	0.0	0.0	0.0	0.0	0.0
131.5	6.382104	0.0	0.0	0.0	0.0	0.0	0.116818	0.0	0.0	0.0	0.0	0.0	0.0	0.0	0.0
132.0	6.40826	0.0	0.0	0.0	0.0	0.0	0.0	0.0	0.0	0.0	0.0	0.0	0.0	0.0	0.0
132.5	6.436285	0.0	0.0	0.0	0.0	0.0	0.0	0.0	0.0	0.0	0.0	0.0	0.0	0.0	0.0
133.0	6.458704	0.0	0.0	0.0	0.0	0.0	0.0	0.0	0.0	0.0	0.0	0.0	0.0	0.0	0.0
133.5	6.48486	0.0	0.0	0.0	0.0	0.0	0.0	0.0	0.0	0.0	0.0	0.0	0.0	0.0	0.0
134.0	6.512885	0.0	0.0	0.0	0.0	0.0	0.0	0.0	0.0	0.0	0.0	0.0	0.0	0.0	0.0
134.5	6.538418	0.0	0.0	0.0	0.0	0.0	0.0	0.0	0.0	0.0	0.0	0.0	0.0	0.0	0.0
135.0	0.048576	0.0	0.0	0.0	0.0	0.0	0.0	0.0	0.0	0.0	0.0	0.0	0.0	0.0	0.0
135.5	0.029893	0.0	0.0	0.0	0.0	0.0	0.0	0.0	0.0	0.0	0.0	0.0	0.0	0.0	0.0
136.0	0.032384	0.0	0.0	0.0	0.0	0.0	0.0	0.0	0.0	0.0	0.0	0.0	0.0	0.0	0.0
136.5	0.033007	0.0	0.0	0.0	0.0	0.0	0.0	0.0	0.0	0.0	0.0	0.0	0.0	0.0	0.0
137.0	0.032384	0.0	0.0	0.0	0.0	0.0	0.0	0.0	0.0	0.0	0.0	0.0	0.0	0.0	0.0
137.5	0.0	0.0	0.0	0.0	0.0	0.0	0.0	0.0	0.0	0.0	0.0	0.0	0.0	0.0	0.0
138.0	0.0	0.0	0.0	0.0	0.0	0.0	0.0	0.0	0.0	0.0	0.0	0.0	0.0	0.0	0.0
138.5	0.0	0.0	0.0	0.0	0.0	0.0	0.0	0.0	0.0	0.0	0.0	0.0	0.0	0.0	0.0
139.0	0.0	0.0	0.0	0.0	0.0	0.0	0.0	0.0	0.0	0.0	0.0	0.0	0.0	0.0	0.0
139.5	0.0	0.0	0.0	0.0	0.0	0.0	0.0	0.0	0.0	0.0	0.0	0.0	0.0	0.0	0.0
140.0	0.0	0.0	0.0	0.0	0.0	0.0	0.0	0.0	0.0	0.0	0.0	0.0	0.0	0.0	0.0
140.5	0.0	0.0	0.0	0.0	0.0	0.0	0.0	0.0	0.0	0.0	0.0	0.0	0.0	0.0	0.0
141.0	0.0	0.0	0.0	0.0	0.0	0.0	0.0	0.0	0.0	0.0	0.0	0.0	0.0	0.0	0.0
141.5	0.0	0.0	0.0	0.0	0.0	0.0	0.0	0.0	0.0	0.0	0.0	0.0	0.0	0.0	0.0
142.0	0.0	0.0	0.0	0.0	0.0	0.0	0.0	0.0	0.0	0.0	0.0	0.0	0.0	0.0	0.0
142.5	0.0	0.0	0.0	0.0	0.0	0.0	0.0	0.0	0.0	0.0	0.0	0.0	0.0	0.0	0.0
143.0	0.0	0.0	0.0	0.0	0.0	0.0	0.0	0.0	0.0	0.0	0.0	0.0	0.0	0.0	0.0
143.5	0.0	0.0	0.0	0.0	0.0	0.0	0.0	0.0	0.0	0.0	0.0	0.0	0.0	0.0	0.0
144.0	0.0	0.0	0.0	0.0	0.0	0.0	0.0	0.0	0.0	0.0	0.0	0.0	0.0	0.0	0.0
144.5	0.0	0.0	0.0	0.0	0.0	0.0	0.0	0.0	0.0	0.0	0.0	0.0	0.0	0.0	0.0
145.0	0.0	0.0	0.0	0.0	0.0	0.0	0.0	0.0	0.0	0.0	0.0	0.0	0.0	0.0	0.0
145.5	0.0	0.0	0.0	0.0	0.0	0.0	0.0	0.0	0.0	0.0	0.0	0.0	0.0	0.0	0.0
146.0	0.0	0.0	0.0	0.0	0.0	0.0	0.0	0.0	0.0	0.0	0.0	0.0	0.0	0.0	0.0
146.5	0.0	0.0	0.0	0.0	0.0	0.0	0.0	0.0	0.0	0.0	0.0	0.0	0.0	0.0	0.0
147.0	0.0	0.0	0.0	0.0	0.0	0.0	0.0	0.0	0.0	0.0	0.0	0.0	0.0	0.0	0.0
147.5	0.0	0.0	0.0	0.0	0.0	0.0	0.0	0.0	0.0	0.0	0.0	0.0	0.0	0.0	0.0
148.0	0.0	0.0	0.0	0.0	0.0	0.0	0.0	0.0	0.0	0.0	0.0	0.0	0.0	0.0	0.0
148.5	0.0	0.0	0.0	0.0	0.0	0.0	0.0	0.0	0.0	0.0	0.0	0.0	0.0	0.0	0.0
149.0	0.0	0.0	0.0	0.0	0.0	0.0	0.0	0.0	0.0	0.0	0.0	0.0	0.0	0.0	0.0
149.5	0.0	0.0	0.0	0.0	0.0	0.0	0.0	0.0	0.0	0.0	0.0	0.0	0.0	0.0	0.0
150.0	0.0	0.0	0.0	0.0	0.0	0.0	0.0	0.0	0.0	0.0	0.0	0.0	0.0	0.0	0.0
150.5	0.0	0.0	0.0	0.0	0.0	0.0	0.0	0.0	0.0	0.0	0.0	0.0	0.0	0.0	0.0
151.0	0.0	0.0	0.0	0.0	0.0	0.0	0.0	0.0	0.0	0.0	0.0	0.0	0.0	0.0	0.0
151.5	0.0	0.0	0.0	0.0	0.0	0.0	0.0	0.0	0.0	0.0	0.0	0.0	0.0	0.0	0.0
152.0	0.0	0.0	0.0	0.0	0.0	0.0	0.0	0.0	0.0	0.0	0.0	0.0	0.0	0.0	0.0
152.5	0.0	0.0	0.0	0.0	0.0	0.0	0.0	0.0	0.0	0.0	0.0	0.0	0.0	0.0	0.0
153.0	0.0	0.0	0.0	0.0	0.0	0.0	0.0	0.0	0.0	0.0	0.0	0.0	0.0	0.0	0.0
153.5	0.0	0.0	0.0	0.0	0.0	0.0	0.0	0.0	0.0	0.0	0.0	0.0	0.0	0.0	0.0
154.0	0.0	0.0	0.0	0.0	0.0	0.0	0.0	0.0	0.0	0.0	0.0	0.0	0.0	0.0	0.0
154.5	0.0	0.0	0.0	0.0	0.0	0.0	0.0	0.0	0.0	0.0	0.0	0.0	0.0	0.0	0.0
155.0	0.0	0.0	0.0	0.0	0.0	0.0	0.0	0.0	0.0	0.0	0.0	0.0	0.0	0.0	0.0
155.5	0.0	0.0	0.0	0.0	0.0	0.0	0.0	0.0	0.0	0.0	0.0	0.0	0.0	0.0	0.0
156.0	0.0	0.0	0.0	0.0	0.0	0.0	0.0	0.0	0.0	0.0	0.0	0.0	0.0	0.0	0.0
156.5	0.0	0.0	0.0	0.0	0.0	0.0	0.0	0.0	0.0	0.0	0.0	0.0	0.0	0.0	0.0
157.0	0.0	0.0	0.0	0.0	0.0	0.0	0.0	0.0	0.0	0.0	0.0	0.0	0.0	0.0	0.0
157.5	0.0	0.0	0.0	0.0	0.0	0.0	0.0	0.0	0.0	0.0	0.0	0.0	0.0	0.0	0.0
158.0	0.0	0.0	0.0	0.0	0.0	0.0	0.0	0.0	0.0	0.0	0.0	0.0	0.0	0.0	0.0
158.5	0.0	0.0	0.0	0.0	0.0	0.0	0.0	0.0	0.0	0.0	0.0	0.0	0.0	0.0	0.0
159.0	0.0	0.0	0.0	0.0	0.0	0.0	0.0	0.0	0.0	0.0	0.0	0.0	0.0	0.0	0.0
159.5	0.0	0.0	0.0	0.0	0.0	0.0	0.0	0.0	0.0	0.0	0.0	0.0	0.0	0.0	0.0
160.0	0.0	0.0	0.0	0.0	0.0	0.0	0.0	0.0	0.0	0.0	0.0	0.0	0.0	0.0	0.0
160.5	0.0	0.0	0.0	0.0	0.0	0.0	0.0	0.0	0.0	0.0	0.0	0.0	0.0	0.0	0.0
161.0	0.0	0.0	0.0	0.0	0.0	0.0	0.0	0.0	0.0	0.0	0.0	0.0	0.0	0.0	0.0
161.5	0.0	0.0	0.0	0.0	0.0	0.0	0.0	0.0	0.0	0.0	0.0	0.0	0.0	0.0	0.0
162.0	0.0	0.0	0.0	0.0	0.0	0.0	0.0	0.0	0.0	0.0	0.0	0.0	0.0	0.0	0.0
162.5	0.0	0.0	0.0	0.0	0.0	0.0	0.0	0.0	0.0	0.0	0.0	0.0	0.0	0.0	0.0
163.0	0.0	0.0	0.0	0.0	0.0	0.0	0.0	0.0	0.0	0.0	0.0	0.0	0.0	0.0	0.0
163.5	0.0	0.0	0.0	0.0	0.0	0.0	0.0	0.0	0.0	0.0	0.0	0.0	0.0	0.0	0.0
164.0	0.0	0.0	0.0	0.0	0.0	0.0	0.0	0.0	0.0	0.0	0.0	0.0	0.0	0.0	0.0
164.5	0.0	0.0	0.0	0.0	0.0	0.0	0.0	0.0	0.0	0.0	0.0	0.0	0.0	0.0	0.0
165.0	0.0	0.0	0.0	0.0	0.0	0.0	0.0	0.0	0.0	0.0	0.0	0.0	0.0	0.0	0.0
165.5	0.0	0.0	0.0	0.0	0.0	0.0	0.0	0.0	0.0	0.0	0.0	0.0	0.0	0.0	0.0
166.0	0.0	0.0	0.0	0.0	0.0	0.0	0.0	0.0	0.0	0.0	0.0	0.0	0.0	0.0	0.0
166.5	0.0	0.0	0.0	0.0	0.0	0.0	0.0	0.0	0.0	0.0	0.0	0.0	0.0	0.0	0.0
167.0	0.0	0.0	0.0	0.0	0.0	0.0	0.0	0.0	0.0	0.0	0.0	0.0	0.0	0.0	0.0
167.5	0.0	0.0	0.0	0.0	0.0	0.0	0.0	0.0	0.0	0.0	0.0	0.0	0.0	0.0	0.0
168.0	0.0	0.0	0.0	0.0	0.0	0.0	0.0	0.0	0.0	0.0	0.0	0.0	0.0	0.0	0.0
168.5	0.0	0.0	0.0	0.0	0.0	0.0	0.0	0.0	0.0	0.0	0.0	0.0	0.0	0.0	0.0
169.0	0.0	0.0	0.0	0.0	0.0	0.0	0.0	0.0	0.0	0.0	0.0	0.0	0.0	0.0	0.0
169.5	0.0	0.0	0.0	0.0	0.0	0.0	0.0	0.0	0.0	0.0	0.0	0.0	0.0	0.0	0.0
170.0	0.0	0.0	0.0	0.0	0.0	0.0	0.0	0.0	0.0	0.0	0.0	0.0	0.0	0.0	0.0
170.5	0.0	0.0	0.0	0.0	0.0	0.0	0.0	0.0	0.0	0.0	0.0	0.0	0.0	0.0	0.0
171.0	0.0	0.0	0.0	0.0	0.0	0.0	0.0	0.0	0.0	0.0	0.0	0.0	0.0	0.0	0.0
171.5	0.0	0.0	0.0	0.0	0.0	0.0	0.0	0.0	0.0	0.0	0.0	0.0	0.0	0.0	0.0
172.0	0.0	0.0	0.0	0.0	0.0	0.0	0.0	0.0	0.0	0.0	0.0	0.0	0.0	0.0	0.0
172.5	0.0	0.0	0.0	0.0	0.0	0.0	0.0	0.0	0.0	0.0	0.0	0.0	0.0	0.0	0.0
173.0	0.0	0.0	0.0	0.0	0.0	0.0	0.0	0.0	0.0	0.0	0.0	0.0	0.0	0.0	0.0
173.5	0.0	0.0	0.0	0.0	0.0	0.0	0.0	0.0	0.0	0.0	0.0	0.0	0.0	0.0	0.0
174.0	0.0	0.0	0.0	0.0	0.0	0.0	0.0	0.0	0.0	0.0	0.0	0.0	0.0	0.0	0.0
174.5	0.0	0.0	0.0	0.0	0.0	0.0	0.0	0.0	0.0	0.0	0.0	0.0	0.0	0.0	0.0
175.0	0.0	0.0	0.0	0.0	0.0	0.0	0.0	0.0	0.0	0.0	0.0	0.0	0.0	0.0	0.0
175.5	0.0	0.0	0.0	0.0	0.0	0.0	0.0	0.0	0.0	0.0	0.0	0.0	0.0	0.0	0.0
176.0	0.0	0.0	0.0	0.0	0.0	0.0	0.0	0.0	0.0	0.0	0.0	0.0	0.0	0.0	0.0
176.5	0.0	0.0	0.0	0.0	0.0	0.0	0.0	0.0	0.0	0.0	0.0	0.0	0.0	0.0	0.0
177.0	0.0	0.0	0.0	0.0	0.0	0.0	0.0	0.0	0.0	0.0	0.0	0.0	0.0	0.0	0.0
177.5	0.0	0.0	0.0	0.0	0.0	0.0	0.0	0.0	0.0	0.0	0.0	0.0	0.0	0.0	0.0
178.0	0.0	0.0	0.0	0.0	0.0	0.0	0.0	0.0	0.0	0.0	0.0	0.0	0.0	0.0	0.0
178.5	0.0	0.0	0.0	0.0	0.0	0.0	0.0	0.0	0.0	0.0	0.0	0.0	0.0	0.0	0.0
179.0	0.0	0.0	0.0	0.0	0.0	0.0	0.0	0.0	0.0	0.0	0.0	0.0	0.0	0.0	0.0
179.5	0.0	0.0	0.0	0.0	0.0	0.0	0.0	0.0	0.0	0.0	0.0	0.0	0.0	0.0	0.0
180.0	0.0	0.0	0.0	0.0	0.0	0.0	0.0	0.0	0.0	0.0	0.0	0.0	0.0	0.0	0.0
180.5	0.0	0.0	0.0	0.0	0.0	0.0	0.0	0.0	0.0	0.0	0.0	0.0	0.0	0.0	0.0
181.0	0.0	0.0	0.0	0.0	0.0	0.0	0.0	0.0	0.0	0.0	0.0	0.0	0.0	0.0	0.0
181.5	0.0	0.0	0.0	0.0	0.0	0.0	0.0	0.0	0.0	0.0	0.0	0.0	0.0	0.0	0.0
182.0	0.0	0.0	0.0	0.0	0.0	0.0	0.0	0.0	0.0	0.0	0.0	0.0	0.0	0.0	0.0
182.5	0.0	0.0	0.0	0.0	0.0	0.0	0.0	0.0	0.0	0.0	0.0	0.0	0.0	0.0	0.0
183.0	0.0	0.0	0.0	0.0	0.0	0.0	0.0	0.0	0.0	0.0	0.0	0.0	0.0	0.0	0.0
183.5	0.0	0.0	0.0	0.0	0.0	0.0	0.0	0.0	0.0	0.0	0.0	0.0	0.0	0.0	0.0
184.0	0.0	0.0	0.0	0.0	0.0	0.0	0.0	0.0	0.0	0.0	0.0	0.0	0.0	0.0	0.0
184.5	0.0	0.0	0.0	0.0	0.0	0.0	0.0	0.0	0.0	0.0	0.0	0.0	0.0	0.0	0.0
185.0	0.0	0.0	0.0	0.0	0.0	0.0	0.0	0.0	0.0	0.0	0.0	0.0	0.0	0.0	0.0
185.5	0.0	0.0	0.0	0.0	0.0	0.0	0.0	0.0	0.0	0.0	0.0	0.0	0.0	0.0	0.0
186.0	0.0	0.0	0.0	0.0	0.0	0.0	0.0	0.0	0.0	0.0	0.0	0.0	0.0	0.0	0.0
186.5	0.0	0.0	0.0	0.0	0.0	0.0	0.0	0.0	0.0	0.0	0.0	0.0	0.0	0.0	0.0
187.0	0.0	0.0	0.0	0.0	0.0	0.0	0.0	0.0	0.0	0.0	0.0	0.0	0.0	0.0	0.0
187.5	0.0	0.0	0.0	0.0	0.0	0.0	0.0	0.0	0.0	0.0	0.0	0.0	0.0	0.0	0.0
188.0	0.0	0.0	0.0	0.0	0.0	0.0	0.0	0.0	0.0	0.0	0.0	0.0	0.0	0.0	0.0
188.5	0.0	0.0	0.0	0.0	0.0	0.0	0.0	0.0	0.0	0.0	0.0	0.0	0.0	0.0	0.0
189.0	0.0	0.0	0.0	0.0	0.0	0.0	0.0	0.0	0.0	0.0	0.0	0.0	0.0	0.0	0.0
189.5	0.0	0.0	0.0	0.0	0.0	0.0	0.0	0.0	0.0	0.0	0.0	0.0	0.0	0.0	0.0
190.0	0.0	0.0	0.0	0.0	0.0	0.0	0.0	0.0	0.0	0.0	0.0	0.0	0.0	0.0	0.0
190.5	0.0	0.0	0.0	0.0	0.0	0.0	0.0	0.0	0.0	0.0	0.0	0.0	0.0	0.0	0.0
191.0	0.0	0.0	0.0	0.0	0.0	0.0	0.0	0.0	0.0	0.0	0.0	0.0	0.0	0.0	0.0
191.5	0.0	0.0	0.0	0.0	0.0	0.0	0.0	0.0	0.0	0.0	0.0	0.0	0.0	0.0	0.0
192.0	0.0	0.0	0.0	0.0	0.0	0.0	0.0	0.0	0.0	0.0	0.0	0.0	0.0	0.0	0.0
192.5	0.0	0.0	0.0	0.0	0.0	0.0	0.0	0.0	0.0	0.0	0.0	0.0	0.0	0.0	0.0
193.0	0.0	0.0	0.0	0.0	0.0	0.0	0.0	0.0	0.0	0.0	0.0	0.0	0.0	0.0	0.0
193.5	0.0	0.0	0.0	0.0	0.0	0.0	0.0	0.0	0.0	0.0	0.0	0.0	0.0	0.0	0.0
194.0	0.0	0.0	0.0	0.0	0.0	0.0	0.0	0.0	0.0	0.0	0.0	0.0	0.0	0.0	0.0
194.5	0.0	0.0	0.0	0.0	0.0	0.0	0.0	0.0	0.0	0.0	0.0	0.0	0.0	0.0	0.0
195.0	0.0	0.0	0.0	0.0	0.0	0.0	0.0	0.0	0.0	0.0	0.0	0.0	0.0	0.0	0.0
195.5	0.0	0.0	0.0	0.0	0.0	0.0	0.0	0.0	0.0	0.0	0.0	0.0	0.0	0.0	0.0
196.0	0.0	0.0	0.0	0.0	0.0	0.0	0.0	0.0	0.0	0.0	0.0	0.0	0.0	0.0	0.0
196.5	0.0	0.0	0.0	0.0	0.0	0.0	0.0	0.0	0.0	0.0	0.0	0.0	0.0	0.0	0.0
197.0	0.0	0.0	0.0	0.0	0.0	0.0	0.0	0.0	0.0	0.0	0.0	0.0	0.0	0.0	0.0
197.5	0.0	0.0	0.0	0.0	0.0	0.0	0.0	0.0	0.0	0.0	0.0	0.0	0.0	0.0	0.0
198.0	0.0	0.0	0.0	0.0	0.0	0.0	0.0	0.0	0.0	0.0	0.0	0.0	0.0	0.0	0.0
198.5	0.0	0.0	0.0	0.0	0.0	0.0	0.0	0.0	0.0	0.0	0.0	0.0	0.0	0.0	0.0
199.0	0.0	0.0	0.0	0.0	0.0	0.0	0.0	0.0	0.0	0.0	0.0	0.0	0.0	0.0	0.0
199.5	0.0	0.0	0.0	0.0	0.0	0.0	0.0	0.0	0.0	0.0	0.0	0.0	0.0	0.0	0.0
200.0	0.0	0.0	0.0	0.0	0.0	0.0	0.0	0.0	0.0	0.0	0.0	0.0	0.0	0.0	0.0
