 "Disp"	"F1"	"F2"	"F3"
0.0	1.67	1.4	1.0
0.1	4.52	0.6	1.8
0.2	8.0	1.4	1.0
0.30000000000000004	11.76	1.2	0.2
0.4	15.6	2.23	0.8
0.5	24.4	4.0	1.5
0.6000000000000001	26.6	3.0	1.8
0.7000000000000001	29.0	3.2	3.73
0.8	35.0	5.8	4.74
0.9	44.4	6.8	5.8
1.0	48.8	7.4	6.0
1.1	53.92	7.2	10.0
1.2000000000000002	64.53	9.6	11.0
1.3	70.2	12.88	10.0
1.4000000000000001	77.0	15.8	9.8
1.5	84.2	18.4	10.6
1.6	93.0	21.0	11.2
1.7000000000000002	101.8	23.4	13.8
1.8	110.99	25.79	16.4
1.9000000000000001	117.42	29.2	18.68
2.0	127.2	35.0	21.0
2.1	136.8	40.08	26.7
2.2	146.2	45.76	28.8
2.3000000000000003	158.0	50.2	28.6
2.4000000000000004	165.8	54.6	32.6
2.5	177.0	61.8	36.4
2.6	189.01	74.6	41.8
2.7	199.76	84.8	46.4
2.8000000000000003	210.81	93.0	51.65
2.9000000000000004	221.0	99.42	55.4
3.0	236.38	105.6	58.29
3.1	244.78	110.0	64.8
3.2	256.41	117.48	67.6
3.3000000000000003	267.01	127.0	72.3
3.4000000000000004	278.61	135.6	81.0
3.5	287.22	148.02	86.0
3.6	298.0	159.2	93.2
3.7	312.2	169.4	100.32
3.8000000000000003	323.99	178.2	107.8
3.9000000000000004	332.79	188.6	116.85
4.0	343.39	201.4	123.2
4.1000000000000005	353.39	211.0	130.6
4.2	364.79	220.0	139.0
4.3	372.46	231.4	150.6
4.4	379.99	245.6	158.4
4.5	386.99	255.8	172.4
4.6000000000000005	396.12	267.4	182.4
4.7	405.79	279.0	190.0
4.800000000000001	413.19	289.45	199.0
4.9	421.19	305.0	209.0
5.0	431.59	315.74	219.8
5.1000000000000005	437.74	327.64	229.92
5.2	445.24	341.19	238.0
5.300000000000001	451.19	352.19	249.4
5.4	455.99	365.24	261.72
5.5	461.19	377.99	276.0
5.6000000000000005	466.39	389.79	287.0
5.7	468.34	406.79	297.2
5.800000000000001	473.79	417.59	308.2
5.9	478.59	436.79	319.79
6.0	486.99	447.99	332.99
6.1000000000000005	496.64	465.99	344.99
6.2	505.79	479.3	356.59
6.300000000000001	514.59	490.99	371.79
6.4	519.19	501.99	384.59
6.5	529.04	516.99	395.99
6.6000000000000005	536.19	531.83	407.59
6.7	543.59	546.59	418.49
6.800000000000001	550.49	559.79	427.99
6.9	556.99	575.99	443.79
7.0	567.79	591.39	460.99
7.1000000000000005	572.99	608.47	471.39
7.2	581.44	621.79	481.74
7.300000000000001	588.99	636.39	494.19
7.4	598.19	648.99	506.64
7.5	607.79	664.26	519.79
7.6000000000000005	615.19	679.19	532.79
7.7	620.79	692.99	545.39
7.800000000000001	627.23	709.19	562.99
7.9	634.59	726.99	573.99
8.0	640.39	740.59	584.19
8.1	646.99	756.59	594.3
8.200000000000001	652.99	771.89	610.79
8.3	661.39	788.99	624.99
8.4	671.79	803.76	640.79
8.5	678.16	820.87	655.19
8.6	685.81	838.79	669.59
8.700000000000001	698.79	851.99	686.39
8.8	709.39	872.79	699.59
8.9	718.39	887.39	713.39
9.0	722.6	903.02	729.99
9.1	730.39	920.6	745.21
9.200000000000001	737.39	938.39	765.59
9.3	743.19	954.41	781.39
9.4	748.0	973.8	796.59
9.5	760.39	994.21	814.39
9.600000000000001	770.39	1009.05	827.21
9.700000000000001	775.59	1022.98	844.59
9.8	779.79	1042.65	858.99
9.9	781.72	1062.17	877.99
10.0	784.99	1081.18	894.39
10.100000000000001	789.59	1101.98	909.99
10.200000000000001	796.02	1116.78	925.09
10.3	801.19	1134.51	944.48
10.4	810.59	1155.04	961.68
10.5	815.79	1173.58	979.48
10.600000000000001	821.19	1191.98	997.58
10.700000000000001	825.59	1210.98	1015.38
10.8	829.19	1230.38	1031.38
10.9	834.99	1243.18	1049.78
11.0	840.79	1262.18	1071.18
11.100000000000001	844.79	1287.18	1088.58
11.200000000000001	848.39	1301.98	1111.82
11.3	851.19	1318.73	1132.78
11.4	856.99	1339.18	1151.56
11.5	862.59	1360.33	1171.96
11.600000000000001	865.54	1379.98	1188.43
11.700000000000001	867.99	1398.18	1217.18
11.8	873.07	1413.58	1236.18
11.9	877.39	1434.98	1257.95
12.0	882.99	1454.83	1277.62
12.100000000000001	885.34	1470.13	1296.38
12.200000000000001	888.39	1482.78	1319.09
12.3	892.59	1502.38	1343.84
12.4	898.64	1521.08	1363.74
12.5	901.34	1536.38	1391.78
12.600000000000001	904.99	1549.38	1414.13
12.700000000000001	909.84	1567.98	1436.98
12.8	913.59	1584.77	1457.38
12.9	915.34	1602.17	1483.08
13.0	917.19	1609.77	1509.18
13.100000000000001	919.74	1622.57	1535.51
13.200000000000001	922.59	1637.37	1562.88
13.3	925.19	1651.97	1587.97
13.4	928.99	1664.57	1604.37
13.5	931.99	1676.77	1636.37
13.600000000000001	936.99	1690.37	1661.37
13.700000000000001	941.19	1699.77	1689.23
13.8	942.99	1708.77	1715.17
13.9	944.98	1720.97	1746.77
14.0	938.79	1732.77	1774.17
14.100000000000001	943.98	1741.97	1802.57
14.200000000000001	945.98	1743.17	1834.66
14.3	950.63	1746.97	1862.15
14.4	952.18	1759.57	1891.34
14.5	956.38	1769.01	1915.17
14.600000000000001	957.18	1774.77	1941.34
14.700000000000001	960.13	1782.17	1971.86
14.8	961.83	1793.01	2006.66
14.9	961.58	1799.77	2038.54
15.0	963.93	1802.17	2068.97
15.100000000000001	964.63	1809.45	2097.77
15.200000000000001	965.18	1815.17	2126.14
15.3	963.33	1820.97	2146.34
15.4	957.18	1823.37	2177.97
15.5	960.03	1826.17	2208.16
15.600000000000001	962.38	1833.37	2238.36
15.700000000000001	964.78	1837.97	2258.74
15.8	965.38	1839.77	2285.96
15.9	965.83	1842.77	2313.56
16.0	967.98	1844.17	2346.1
16.1	967.78	1847.57	2370.96
16.2	968.18	1849.97	2399.96
16.3	968.13	1847.57	2428.16
16.400000000000002	968.18	1852.17	2453.36
16.5	968.73	1853.8	2482.56
16.6	967.18	1857.97	2510.36
16.7	968.58	1859.97	2535.76
16.8	970.23	1862.77	2558.76
16.900000000000002	968.83	1864.77	2576.36
17.0	969.68	1864.0	2609.16
17.1	968.78	1863.97	2631.16
17.2	969.18	1865.97	2639.96
17.3	968.38	1868.97	2661.96
17.400000000000002	968.18	1868.77	2684.16
17.5	968.38	1869.6	2708.08
17.6	969.58	1871.17	2723.16
17.7	969.38	1872.97	2738.56
17.8	970.18	1874.37	2767.76
17.900000000000002	971.18	1874.57	2779.96
18.0	971.03	1877.17	2794.96
18.1	969.38	1877.77	2812.73
18.2	972.78	1879.77	2828.96
18.3	969.18	1878.57	2852.75
18.400000000000002	972.73	1878.97	2860.99
18.5	973.38	1877.8	2867.15
18.6	973.42	1881.97	2886.75
18.7	973.78	1880.28	2903.35
18.8	973.38	1879.57	2907.15
18.900000000000002	970.58	1881.57	2926.87
19.0	972.98	1878.82	2939.35
19.1	973.38	1880.28	2950.57
19.200000000000003	971.58	1879.97	2972.35
19.3	972.49	1881.57	2976.15
19.400000000000002	972.78	1881.97	2987.35
19.5	972.78	1881.17	3010.95
19.6	973.18	1880.57	3021.95
19.700000000000003	969.38	1882.17	3020.55
19.8	969.49	1883.57	3034.95
19.900000000000002	967.48	1885.17	3044.48
20.0	967.58	1885.17	3057.75
20.1	967.38	1879.97	3057.75
20.200000000000003	971.38	1881.77	3062.95
20.3	971.78	1883.66	3084.75
20.400000000000002	970.58	1883.57	3085.19
20.5	967.98	1884.77	3097.55
20.6	969.58	1886.26	3095.55
20.700000000000003	969.78	1887.37	3093.15
20.8	970.38	1886.17	3104.08
20.900000000000002	969.98	1885.97	3104.6
21.0	969.98	1885.17	3109.46
21.1	968.82	1885.97	3116.58
21.200000000000003	971.78	1885.77	3125.09
21.3	969.98	1887.17	3129.84
21.400000000000002	968.18	1886.77	3135.15
21.5	966.98	1886.17	3136.75
21.6	968.38	1885.97	3143.95
21.700000000000003	969.38	1885.57	3149.7
21.8	970.78	1885.37	3142.88
21.900000000000002	969.58	1887.17	3144.65
22.0	970.05	1886.17	3144.95
22.1	969.18	1884.97	3155.35
22.200000000000003	967.02	1886.57	3145.95
22.3	967.45	1888.17	3147.95
22.400000000000002	966.92	1887.37	3148.85
22.5	968.58	1887.57	3158.75
22.6	968.18	1887.37	3151.95
22.700000000000003	968.58	1887.17	3153.95
22.8	968.38	1886.97	3156.15
22.900000000000002	967.58	1886.77	3157.15
23.0	964.78	1882.97	3157.5
23.1	965.58	1884.97	3156.15
23.200000000000003	970.98	1887.57	3154.52
23.3	970.38	1887.97	3160.52
23.400000000000002	969.18	1885.97	3155.55
23.5	966.58	1886.37	3155.55
23.6	966.87	1886.57	3157.02
23.700000000000003	970.38	1887.82	3160.65
23.8	970.38	1886.17	3159.35
23.900000000000002	970.38	1887.17	3164.55
24.0	969.03	1886.37	3152.95
24.1	967.58	1885.92	3157.35
24.200000000000003	965.93	1884.12	3151.55
24.3	965.98	1885.22	3146.86
24.400000000000002	965.38	1888.47	3149.74
24.5	962.78	1885.57	3153.15
24.6	961.61	1884.17	3150.75
24.700000000000003	961.83	1883.02	3145.04
24.8	962.23	1885.87	3140.35
24.900000000000002	962.93	1885.92	3144.59
25.0	961.98	1885.97	3149.95
25.1	961.98	1883.97	3148.15
25.200000000000003	961.18	1884.92	3135.95
25.3	960.98	1884.97	3138.95
25.400000000000002	958.33	1883.32	3138.41
25.5	956.18	1882.37	3133.15
25.6	954.38	1884.12	3136.55
25.700000000000003	952.78	1885.82	3134.55
25.8	952.18	1882.62	3138.55
25.900000000000002	950.18	1881.17	3144.75
26.0	950.78	1881.82	3130.95
26.1	947.98	1881.97	3131.35
26.200000000000003	947.78	1881.57	3135.15
26.3	944.38	1878.52	3136.15
26.400000000000002	941.59	1878.32	3126.15
26.5	943.78	1879.97	3127.95
26.6	944.18	1879.26	3133.35
26.700000000000003	940.68	1877.77	3133.95
26.8	939.99	1881.98	3122.75
26.900000000000002	936.79	1883.17	3121.95
27.0	937.19	1882.77	3125.55
27.1	936.59	1880.17	3133.95
27.200000000000003	934.59	1881.77	3121.55
27.3	933.19	1883.37	3119.15
27.400000000000002	932.19	1882.37	3121.15
27.5	931.99	1877.7	3122.95
27.6	930.19	1876.77	3118.15
27.700000000000003	930.79	1878.21	3112.75
27.8	926.39	1877.97	3115.95
27.900000000000002	925.19	1876.17	3118.95
28.0	923.99	1877.17	3118.75
28.1	922.19	1879.57	3117.15
28.200000000000003	921.59	1878.97	3115.35
28.3	920.59	1878.37	3115.95
28.400000000000002	nan	1876.57	3114.75
28.5	nan	1879.17	3104.75
28.6	nan	1877.77	3108.75
28.700000000000003	nan	1878.17	3109.95
28.8	nan	1876.05	3117.95
28.900000000000002	nan	1876.97	3109.75
29.0	nan	1878.97	3105.55
29.1	nan	1879.13	3105.15
29.200000000000003	nan	1878.57	3109.15
29.3	nan	1877.77	3093.55
29.400000000000002	nan	1880.37	3098.75
29.5	nan	1878.97	3104.15
29.6	nan	1878.57	3107.95
29.700000000000003	nan	1877.97	3090.75
29.8	nan	1881.17	3090.75
29.900000000000002	nan	1881.13	3092.21
30.0	nan	1879.7	3098.35
30.1	nan	1879.17	3089.54
30.200000000000003	nan	1881.77	3085.35
30.3	nan	1881.57	3087.35
30.400000000000002	nan	1880.17	3091.21
30.5	nan	1881.37	3084.48
30.6	nan	1880.37	3074.95
30.700000000000003	nan	1881.17	3069.39
30.8	nan	1880.7	3075.86
30.900000000000002	nan	1881.17	3078.35
31.0	nan	1884.73	nan
31.1	nan	1886.73	nan
31.200000000000003	nan	1885.66	nan
31.3	nan	1883.97	nan
31.400000000000002	nan	1887.97	nan
31.5	nan	1890.57	nan
31.6	nan	1890.57	nan
31.700000000000003	nan	1890.77	nan
31.8	nan	1890.57	nan
31.900000000000002	nan	1892.77	nan
32.0	nan	1892.77	nan
32.1	nan	1893.97	nan
32.2	nan	1894.97	nan
32.300000000000004	nan	1893.37	nan
32.4	nan	1891.77	nan
32.5	nan	1893.37	nan
32.6	nan	1895.67	nan
32.7	nan	1895.37	nan
32.800000000000004	nan	1897.17	nan
32.9	nan	1898.37	nan
33.0	nan	1900.37	nan
33.1	nan	1898.57	nan
33.2	nan	1902.57	nan
33.300000000000004	nan	1902.37	nan
33.4	nan	1900.77	nan
33.5	nan	1903.37	nan
33.6	nan	1903.97	nan
33.7	nan	1907.25	nan
